image: fb_map.pgm
resolution: 0.050000
origin: [-17.073842,  -9.7896925, 0.0]
negate: 0
occupied_thresh: 0.65
free_thresh: 0.196

